1.500000 -1.951044 0.986552 3.811340 0.973768 0.002119 0.000322
1.510000 -1.948528 0.985594 3.801893 0.971953 0.002251 0.000369
1.520000 -1.945828 0.984950 3.791466 0.970673 0.002259 0.000359
1.530000 -1.943804 0.984328 3.783778 0.969463 0.002309 0.000367
1.540000 -1.942108 0.983764 3.777422 0.968396 0.002378 0.000392
1.550000 -1.938984 0.982844 3.765658 0.966622 0.002497 0.000412
1.560000 -1.936200 0.982218 3.754940 0.965369 0.002494 0.000395
1.570000 -1.936660 0.982200 3.756841 0.965372 0.002511 0.000417
1.580000 -1.935332 0.981716 3.751981 0.964462 0.002592 0.000441
1.590000 -1.929296 0.979856 3.729082 0.960880 0.002729 0.000480
1.600000 -1.928776 0.979838 3.726991 0.960827 0.002662 0.000465
1.610000 -1.923340 0.978062 3.706973 0.957476 0.002984 0.000541
1.620000 -1.921972 0.977394 3.701937 0.956297 0.003033 0.000616
1.630000 -1.922088 0.977742 3.701957 0.956814 0.002836 0.000512
1.640000 -1.917268 0.976212 3.684035 0.953909 0.003018 0.000561
1.650000 -1.915688 0.975688 3.678388 0.952937 0.003132 0.000588
1.660000 -1.912528 0.974916 3.666657 0.951429 0.003227 0.000583
1.670000 -1.905712 0.972368 3.641090 0.946631 0.003353 0.000678
1.680000 -1.903704 0.971966 3.633573 0.945808 0.003360 0.000649
1.690000 -1.903792 0.971940 3.634032 0.945781 0.003364 0.000659
1.700000 -1.899464 0.970336 3.617878 0.942802 0.003431 0.000735
1.710000 -1.896372 0.969598 3.606600 0.941376 0.003548 0.000734
1.720000 -1.889024 0.966478 3.580481 0.935926 0.004080 0.001073
1.730000 -1.888784 0.967030 3.578596 0.936507 0.003706 0.000786
1.740000 -1.881920 0.964362 3.553815 0.931683 0.004027 0.000971
1.750000 -1.878264 0.963528 3.540038 0.929981 0.003971 0.000911
1.760000 -1.877668 0.963176 3.538151 0.929412 0.004040 0.000968
1.770000 -1.870428 0.960672 3.511532 0.924691 0.004159 0.001017
1.780000 -1.866760 0.959098 3.498760 0.921873 0.004408 0.001126
1.790000 -1.863408 0.958510 3.485761 0.920588 0.004204 0.001031
1.800000 -1.858944 0.956810 3.470258 0.917479 0.004502 0.001107
1.810000 -1.852300 0.954210 3.446747 0.913004 0.004802 0.001374
1.820000 -1.848220 0.952290 3.432495 0.909555 0.005005 0.001483
1.830000 -1.845824 0.951768 3.423629 0.908507 0.004946 0.001445
1.840000 -1.840396 0.949912 3.404282 0.905033 0.005088 0.001468
1.850000 -1.834628 0.947928 3.383174 0.901328 0.005059 0.001492
1.860000 -1.831256 0.946166 3.372294 0.898695 0.005433 0.001863
1.870000 -1.826232 0.944742 3.353860 0.895579 0.005358 0.001627
1.880000 -1.821960 0.944394 3.338139 0.894611 0.005263 0.001453
1.890000 -1.816404 0.941632 3.319658 0.890037 0.005693 0.001781
1.900000 -1.814000 0.940354 3.310748 0.887710 0.005582 0.001813
1.910000 -1.807028 0.937340 3.285984 0.882267 0.005656 0.001917
1.920000 -1.796440 0.931982 3.250428 0.873741 0.006302 0.002682
1.930000 -1.790552 0.257752 3.229530 0.869511 0.006296 0.416101
1.940000 -1.778264 0.920888 3.189746 0.858762 0.007313 0.005529
1.950000 -1.782088 0.927120 3.200053 0.864378 0.006368 0.002475
1.960000 -1.773484 0.924018 3.169555 0.858679 0.006328 0.002484
1.970000 -1.771928 0.843282 3.165490 0.856790 0.006638 0.073942
1.980000 -1.751020 0.912312 3.095418 0.840263 0.007486 0.004015
1.990000 -1.743036 0.531552 3.068797 0.832947 0.007733 0.276582
2.000000 -1.743040 0.910906 3.066865 0.836273 0.007169 0.003262
2.010000 -1.746680 0.913704 3.079711 0.840899 0.007134 0.003007
2.020000 -1.732304 0.255450 3.033030 0.826359 0.007880 0.376784
2.030000 -1.715484 0.735328 2.976751 0.815330 0.008218 0.135282
2.040000 -1.718448 0.275896 2.985227 0.819228 0.007729 0.364269
2.050000 -1.701212 0.794086 2.930956 0.801974 0.008765 0.083610
2.060000 -1.692412 0.304516 2.901982 0.795379 0.008890 0.341092
2.070000 -1.683764 0.879558 2.873304 0.787427 0.008925 0.006669
2.080000 -1.678140 0.110260 2.856862 0.782785 0.009409 0.370494
2.090000 -1.673848 0.139556 2.842683 0.780424 0.009367 0.364090
2.100000 -1.657632 0.647154 2.792135 0.767854 0.010066 0.166212
2.110000 -1.656768 0.268068 2.787013 0.768045 0.009464 0.329945
2.120000 -1.656880 0.862368 2.785627 0.769657 0.008984 0.012254
2.130000 -1.623472 0.592436 2.683279 0.737164 0.010496 0.181307
2.140000 -1.633468 0.858704 2.711892 0.753786 0.009537 0.007670
2.150000 -1.621052 0.672836 2.673642 0.737999 0.009915 0.132694
2.160000 -1.598784 0.163740 2.608393 0.716564 0.011206 0.319330
2.170000 -1.583420 0.415112 2.560179 0.707165 0.011247 0.246473
2.180000 -1.584104 0.109828 2.562633 0.708020 0.011204 0.319247
2.190000 -1.574968 0.270192 2.532866 0.700490 0.010913 0.286523
2.200000 -1.557064 0.159518 2.479764 0.681852 0.011429 0.298366
2.210000 -1.552976 0.227236 2.466626 0.680291 0.011239 0.284459
2.220000 -1.552688 0.261694 2.463844 0.684641 0.010755 0.277549
2.230000 -1.508588 0.205622 2.337854 0.635516 0.012471 0.266025
2.240000 -1.512576 0.031960 2.348251 0.646977 0.012031 0.288373
2.250000 -1.486392 0.005348 2.272788 0.618622 0.012529 0.274930
2.260000 -1.499500 0.130044 2.308453 0.635479 0.011738 0.273702
2.270000 -1.480248 0.004214 2.253527 0.618421 0.012108 0.272424
2.280000 -1.467692 0.049988 2.220927 0.608014 0.012851 0.265577
2.290000 -1.449760 0.223602 2.168232 0.589421 0.012667 0.235556
2.300000 -1.438728 0.099438 2.140773 0.583384 0.013390 0.249346
2.310000 -1.419756 0.288386 2.087739 0.554941 0.013499 0.204232
2.320000 -1.420004 0.082956 2.084431 0.564148 0.012637 0.240201
2.330000 -1.372248 0.112888 1.952778 0.518982 0.012841 0.217269
2.340000 -1.383912 0.127386 1.987624 0.532016 0.013224 0.220423
2.350000 -1.372528 0.143500 1.958536 0.518416 0.013527 0.211840
2.360000 -1.331812 0.183318 1.847806 0.476854 0.013301 0.187817
2.370000 -1.344276 0.128370 1.879764 0.492750 0.012941 0.200958
2.380000 -1.354500 0.093562 1.905344 0.505302 0.012477 0.208634
2.390000 -1.314140 0.023112 1.803992 0.462957 0.013485 0.193482
2.400000 -1.312196 0.238564 1.796373 0.469833 0.012937 0.172050
2.410000 -1.279292 0.018870 1.713984 0.432383 0.013326 0.179264
2.420000 -1.266084 0.064568 1.677264 0.416993 0.012686 0.170588
2.430000 -1.261868 0.000570 1.663413 0.420709 0.012041 0.173131
2.440000 -1.255140 0.171454 1.647509 0.415034 0.012116 0.158048
2.450000 -1.254244 0.012604 1.644877 0.421615 0.011953 0.172023
2.460000 -1.240100 0.045096 1.611155 0.402358 0.012114 0.162733
2.470000 -1.231872 0.005136 1.590307 0.398896 0.011932 0.161486
2.480000 -1.225604 0.008168 1.574965 0.392848 0.011846 0.158380
2.490000 -1.201104 0.134188 1.514190 0.366563 0.011538 0.139982
2.500000 -1.185540 0.018834 1.476324 0.360641 0.011331 0.144115
2.510000 -1.174392 0.061260 1.447052 0.342927 0.010771 0.135129
2.520000 -1.153468 0.038288 1.398659 0.322586 0.010735 0.127429
2.530000 -1.158644 0.031188 1.409849 0.336446 0.010529 0.132598
2.540000 -1.123560 0.027456 1.329856 0.301343 0.010458 0.118342
2.550000 -1.135216 0.081576 1.356204 0.317560 0.010379 0.121924
2.560000 -1.129360 0.170266 1.343012 0.312635 0.010309 0.110799
2.570000 -1.116864 0.028800 1.313564 0.305024 0.010020 0.118364
2.580000 -1.090472 0.008350 1.253872 0.277349 0.009726 0.107473
2.590000 -1.090580 0.019192 1.254933 0.282341 0.009775 0.108870
2.600000 -1.090640 0.018628 1.254583 0.284225 0.009628 0.109184
2.610000 -1.066152 0.040936 1.201105 0.257365 0.009457 0.097965
2.620000 -1.051216 0.027772 1.164255 0.246507 0.008624 0.093792
2.630000 -1.057196 0.000662 1.180375 0.254253 0.009066 0.096674
2.640000 -1.049472 0.047766 1.162662 0.246401 0.008791 0.092469
2.650000 -1.034140 0.025066 1.128201 0.235271 0.008367 0.088544
2.660000 -1.030672 0.013850 1.118005 0.236218 0.007875 0.088732
2.670000 -1.029316 0.045514 1.119453 0.232097 0.008411 0.086152
2.680000 -1.017252 0.025100 1.094092 0.219692 0.008255 0.081739
2.690000 -1.016936 0.008200 1.089650 0.226369 0.007669 0.084127
2.700000 -0.984184 0.022388 1.021744 0.199561 0.007287 0.073726
2.710000 -0.993092 0.022952 1.041719 0.207264 0.007555 0.076287
2.720000 -0.994232 0.032702 1.041706 0.209630 0.007192 0.076677
2.730000 -0.982160 0.042030 1.018312 0.202440 0.007202 0.073507
2.740000 -0.971048 0.000434 0.997380 0.195459 0.007252 0.071335
2.750000 -0.969324 0.034790 0.989280 0.199051 0.006571 0.071942
2.760000 -0.974824 0.001886 1.003948 0.202701 0.007045 0.073441
2.770000 -0.948500 0.005722 0.948156 0.172012 0.006321 0.062087
2.780000 -0.936976 0.002730 0.927355 0.170259 0.006396 0.061242
2.790000 -0.931788 0.007854 0.916599 0.170528 0.006214 0.061099
2.800000 -0.930208 0.004676 0.916755 0.170957 0.006565 0.061048
2.810000 -0.922256 0.020502 0.897944 0.165169 0.006001 0.058629
2.820000 -0.921812 0.000846 0.897121 0.160563 0.005958 0.056937
2.830000 -0.911748 0.002626 0.875806 0.152345 0.005559 0.053830
2.840000 -0.910220 0.000936 0.876345 0.162081 0.005932 0.057070
2.850000 -0.895852 0.024414 0.846738 0.146594 0.005440 0.051227
2.860000 -0.892972 0.038460 0.840447 0.143170 0.005263 0.049542
2.870000 -0.898016 0.035184 0.853910 0.155452 0.005764 0.053733
2.880000 -0.883344 0.027388 0.822724 0.136612 0.005115 0.047174
2.890000 -0.885332 0.035742 0.828817 0.148741 0.005388 0.051025
2.900000 -0.873136 0.012610 0.806220 0.136590 0.005214 0.047045
2.910000 -0.871492 0.011894 0.802976 0.139768 0.005134 0.047982
2.920000 -0.858196 0.005148 0.779247 0.127038 0.005013 0.043497
2.930000 -0.851988 0.002104 0.766641 0.126193 0.004748 0.043068
2.940000 -0.857400 0.020262 0.777128 0.128316 0.004858 0.043505
2.950000 -0.851304 0.006390 0.764799 0.126541 0.004606 0.042881
2.960000 -0.842276 0.036426 0.750167 0.115191 0.004650 0.038468
2.970000 -0.830372 0.000120 0.728518 0.107521 0.004421 0.036202
2.980000 -0.838120 0.011488 0.744099 0.119839 0.004691 0.040170
2.990000 -0.825828 0.003142 0.720469 0.110066 0.004304 0.036808
3.000000 -0.826428 0.016190 0.722321 0.115263 0.004371 0.038334
3.010000 -0.823436 0.014396 0.717086 0.114971 0.004309 0.038127
3.020000 -0.818572 0.001024 0.710518 0.111679 0.004436 0.036980
3.030000 -0.818760 0.009836 0.710141 0.113174 0.004332 0.037319
3.040000 -0.808904 0.002598 0.692772 0.105275 0.004160 0.034628
3.050000 -0.810388 0.007960 0.696243 0.112253 0.004248 0.036784
3.060000 -0.808664 0.000538 0.692771 0.110561 0.004147 0.036131
3.070000 -0.792208 0.000752 0.664804 0.101520 0.003948 0.033068
3.080000 -0.797184 0.000858 0.672759 0.103565 0.003927 0.033625
3.090000 -0.790800 0.026072 0.662747 0.099836 0.003915 0.032089
3.100000 -0.781440 0.014402 0.647397 0.098003 0.003824 0.031547
